0 	 -0.934508 	 0.374147 
1 	 0.091085 	 0.359923 
2 	 0.084366 	 0.367432 
3 	 -0.364198 	 0.374572 
4 	 2.882225 	 0.353073 
5 	 -1.001044 	 0.367009 
6 	 -1.459075 	 0.373543 
7 	 -0.686872 	 0.360895 
8 	 -0.415780 	 0.372687 
9 	 0.000000 	 0.000000 
10 	 0.062077 	 0.372840 
11 	 0.739558 	 0.354415 
12 	 -0.766495 	 0.369850 
13 	 -0.989270 	 0.370265 
14 	 -0.809322 	 0.359993 
15 	 -2.565405 	 0.361921 
16 	 -2.975114 	 0.360053 
17 	 -2.006807 	 0.362042 
18 	 -0.625807 	 0.364742 
19 	 0.000000 	 0.000000 
20 	 -0.260183 	 0.363847 
21 	 -3.323304 	 0.372981 
22 	 0.076845 	 0.359879 
23 	 -3.004618 	 0.366392 
24 	 0.182869 	 0.337598 
25 	 -0.983626 	 0.360567 
26 	 -1.742777 	 0.365193 
27 	 -4.878859 	 0.363672 
28 	 0.313244 	 0.341952 
29 	 0.358646 	 0.389483 
30 	 -0.256483 	 0.368981 
31 	 0.059209 	 0.347263 
32 	 -2.965436 	 0.368958 
33 	 -4.455412 	 0.381348 
34 	 -1.689737 	 0.372192 
35 	 -0.528028 	 0.368554 
36 	 0.196263 	 0.367254 
37 	 -2.931446 	 0.373706 
38 	 -2.425984 	 0.378949 
39 	 5.423944 	 1.142876 
40 	 -1.409640 	 0.353423 
41 	 -2.611541 	 0.371550 
42 	 -2.035036 	 0.355645 
43 	 -0.110183 	 0.338650 
44 	 -0.093313 	 0.349713 
45 	 -1.944598 	 0.360258 
46 	 -2.744920 	 0.359963 
47 	 -0.832625 	 0.347852 
48 	 -0.212377 	 0.355396 
49 	 0.000000 	 0.000000 
50 	 -0.206098 	 0.340723 
51 	 -2.757014 	 0.333484 
52 	 -2.227487 	 0.356477 
53 	 -0.035108 	 0.343104 
54 	 -1.297859 	 0.338304 
55 	 -2.124365 	 0.349993 
56 	 0.206255 	 0.340062 
57 	 -0.521343 	 0.341792 
58 	 -0.529298 	 0.334193 
59 	 0.000000 	 0.000000 
60 	 -0.185763 	 0.350043 
61 	 -0.897343 	 0.353987 
62 	 -1.047056 	 4.257583 
63 	 -0.698116 	 0.352074 
64 	 -2.906794 	 0.364714 
65 	 -5.035428 	 0.349043 
66 	 -0.304734 	 0.346153 
67 	 -1.240457 	 0.344245 
68 	 -1.262541 	 0.353802 
69 	 0.000000 	 0.000000 
70 	 -1.440240 	 0.351645 
71 	 0.767302 	 0.366886 
72 	 -2.176100 	 0.342916 
73 	 -0.350506 	 0.335668 
74 	 -2.742261 	 0.364424 
75 	 0.463123 	 0.344910 
76 	 -1.280898 	 0.358109 
77 	 -2.945876 	 0.353759 
78 	 -1.466515 	 0.338339 
79 	 4.129224 	 1.098607 
80 	 -0.141015 	 0.363424 
81 	 0.146846 	 0.370595 
82 	 -1.243681 	 0.362540 
83 	 0.125956 	 0.359860 
84 	 -1.019012 	 0.361209 
85 	 -0.344527 	 0.349526 
86 	 0.155730 	 0.361854 
87 	 -1.691220 	 0.374206 
88 	 -1.929767 	 0.369824 
89 	 0.000000 	 0.000000 
90 	 -0.700517 	 0.353510 
91 	 -2.983437 	 0.369242 
92 	 -0.018669 	 0.357898 
93 	 -0.073142 	 0.342223 
94 	 -0.001332 	 0.363416 
95 	 0.130990 	 0.353598 
96 	 0.358502 	 0.348055 
97 	 -0.356172 	 0.362466 
98 	 0.493209 	 0.344464 
99 	 0.000000 	 0.000000 
100 	 0.304481 	 0.364036 
101 	 -2.430489 	 0.371785 
102 	 0.341028 	 0.345541 
103 	 -0.073083 	 0.374271 
104 	 0.044799 	 0.355423 
105 	 -0.578635 	 0.362740 
106 	 -2.011794 	 0.371587 
107 	 -0.983364 	 0.368431 
108 	 -3.022596 	 0.365965 
109 	 0.000000 	 0.000000 
110 	 -0.749105 	 0.363827 
111 	 -0.178572 	 0.364083 
112 	 -1.312586 	 0.366683 
113 	 -0.866197 	 0.365463 
114 	 -0.629936 	 0.359547 
115 	 -0.356896 	 0.348175 
116 	 -0.411112 	 0.365533 
117 	 -0.395162 	 0.359738 
118 	 1.089950 	 0.357354 
119 	 0.395708 	 1.134659 
120 	 -0.660250 	 0.344835 
121 	 -0.286512 	 0.332000 
122 	 0.049830 	 0.354940 
123 	 -0.682411 	 0.331759 
124 	 0.578563 	 0.331472 
125 	 -0.690692 	 0.347982 
126 	 -1.210354 	 0.342944 
127 	 -0.119290 	 0.328621 
128 	 -0.980084 	 0.360051 
129 	 0.000000 	 0.000000 
130 	 -0.022944 	 0.333633 
131 	 -1.686574 	 0.357320 
132 	 1.449751 	 0.341538 
133 	 -0.829259 	 0.345240 
134 	 -1.766153 	 0.346164 
135 	 -0.369534 	 0.358227 
136 	 0.235406 	 0.331225 
137 	 -0.683345 	 0.344232 
138 	 -0.446662 	 0.346098 
139 	 0.000000 	 0.000000 
140 	 -0.025416 	 0.346530 
141 	 0.101058 	 0.333189 
142 	 -0.610035 	 0.354321 
143 	 -0.701407 	 0.327370 
144 	 -0.327218 	 0.350453 
145 	 -0.586248 	 0.347111 
146 	 -0.442344 	 0.350652 
147 	 0.002445 	 0.361550 
148 	 0.233310 	 0.348778 
149 	 0.764596 	 0.379707 
150 	 0.120265 	 0.345105 
151 	 0.694680 	 0.354719 
152 	 -1.115891 	 0.354154 
153 	 -0.361261 	 0.365293 
154 	 -0.395113 	 0.336005 
155 	 -0.365024 	 0.344818 
156 	 0.128513 	 0.335575 
157 	 0.242814 	 0.343386 
158 	 -0.933805 	 0.364030 
159 	 1.253518 	 1.119381 
160 	 0.092472 	 0.439355 
161 	 -4.293251 	 0.437888 
162 	 -1.954128 	 0.404438 
163 	 -2.356650 	 0.437256 
164 	 -2.423693 	 0.436019 
165 	 -2.736721 	 0.437724 
166 	 -3.453653 	 0.442886 
167 	 -1.767110 	 0.429693 
168 	 -4.187398 	 0.447988 
169 	 0.000000 	 0.000000 
170 	 -1.402653 	 0.450820 
171 	 -2.867421 	 0.440753 
172 	 -1.474401 	 0.447778 
173 	 -1.449603 	 0.447141 
174 	 -1.071655 	 0.444744 
175 	 -2.598960 	 0.435012 
176 	 -1.483797 	 0.439518 
177 	 -2.707436 	 0.439948 
178 	 -2.785313 	 0.436716 
179 	 0.000000 	 0.000000 
180 	 -0.977862 	 0.438347 
181 	 0.811386 	 0.402541 
182 	 -1.811983 	 0.438938 
183 	 -1.304942 	 0.441031 
184 	 -2.646368 	 0.432197 
185 	 -2.278506 	 0.446664 
186 	 -0.587539 	 0.434464 
187 	 -1.422692 	 0.405653 
188 	 -1.672473 	 0.446601 
189 	 0.422410 	 0.438418 
190 	 -1.341940 	 0.435045 
191 	 -0.735910 	 0.449082 
192 	 -1.681429 	 0.436155 
193 	 -1.844684 	 0.406953 
194 	 221.250205 	 0.348874 
195 	 -13.551917 	 0.449854 
196 	 -3.440744 	 0.435641 
197 	 2.746914 	 0.451666 
198 	 -3.001643 	 0.447016 
199 	 2.120905 	 1.277878 
200 	 -2.152183 	 0.444115 
201 	 -2.027681 	 0.448995 
202 	 -2.459885 	 0.472944 
203 	 -3.412050 	 0.439250 
204 	 -1.817109 	 0.453363 
205 	 -1.239909 	 0.439726 
206 	 3.572150 	 0.376195 
207 	 -2.267709 	 0.442659 
208 	 -2.114579 	 0.394458 
209 	 0.000000 	 0.000000 
210 	 -2.834335 	 0.435341 
211 	 -2.721777 	 0.439270 
212 	 -1.887141 	 0.450356 
213 	 -1.501300 	 0.435569 
214 	 -1.774947 	 0.435957 
215 	 -1.297501 	 0.446486 
216 	 -2.704465 	 0.397871 
217 	 -1.092429 	 0.402519 
218 	 -2.488177 	 0.433518 
219 	 0.000000 	 0.000000 
220 	 -3.170221 	 0.444002 
221 	 -1.341115 	 0.451160 
222 	 -4.864174 	 0.442697 
223 	 1.337502 	 0.450621 
224 	 -3.823095 	 0.441814 
225 	 -3.843112 	 0.444798 
226 	 -2.406415 	 0.435231 
227 	 -2.994131 	 0.438365 
228 	 -0.336697 	 0.441490 
229 	 0.063881 	 0.423751 
230 	 -3.692344 	 0.445719 
231 	 -2.834764 	 0.449927 
232 	 -2.723618 	 0.434908 
233 	 -1.666241 	 0.440375 
234 	 -2.032148 	 0.432260 
235 	 -2.491384 	 0.433091 
236 	 -1.613602 	 0.436992 
237 	 -2.722460 	 0.402549 
238 	 -3.376019 	 0.434663 
239 	 0.777614 	 1.243478 
240 	 -3.191238 	 0.445154 
241 	 -3.324855 	 0.444359 
242 	 -3.277609 	 0.448342 
243 	 -3.047757 	 0.450167 
244 	 -2.639808 	 0.416979 
245 	 -3.099179 	 0.436041 
246 	 0.211821 	 0.438038 
247 	 -3.528493 	 0.438988 
248 	 -3.730194 	 0.433453 
249 	 0.000000 	 0.000000 
250 	 2.516229 	 0.443646 
251 	 -3.963064 	 0.433441 
252 	 -1.585916 	 0.441382 
253 	 -4.796655 	 0.439004 
254 	 -2.351741 	 0.446789 
255 	 -3.066001 	 0.399422 
256 	 -2.699261 	 0.439384 
257 	 -2.747704 	 0.442502 
258 	 -3.971374 	 0.441920 
259 	 0.000000 	 0.000000 
260 	 -2.721994 	 0.425386 
261 	 -3.995995 	 0.443261 
262 	 -2.257329 	 0.394711 
263 	 -2.583768 	 0.511600 
264 	 -2.627174 	 0.444731 
265 	 -2.331269 	 0.443134 
266 	 -2.191254 	 0.432207 
267 	 -2.477126 	 0.450985 
268 	 -2.900632 	 0.451735 
269 	 -0.114812 	 0.429321 
270 	 -4.297596 	 0.511281 
271 	 -4.187900 	 0.451261 
272 	 -3.223184 	 0.441838 
273 	 -3.076842 	 0.443395 
274 	 -3.534417 	 0.437319 
275 	 -1.907703 	 0.440546 
276 	 -2.414535 	 0.443197 
277 	 1.678900 	 0.442710 
278 	 -1.681803 	 0.417817 
279 	 1.768249 	 1.254520 
280 	 -3.732321 	 0.449666 
281 	 -3.146451 	 0.409114 
282 	 -5.749603 	 0.418538 
283 	 -0.626936 	 0.427441 
284 	 -0.055177 	 0.404870 
285 	 -1.980915 	 0.397579 
286 	 -3.016806 	 0.448140 
287 	 -2.869444 	 0.420439 
288 	 -2.854181 	 0.455744 
289 	 0.000000 	 0.000000 
290 	 -3.644043 	 0.417074 
291 	 -4.233895 	 0.427981 
292 	 -2.354852 	 0.404199 
293 	 -2.177467 	 0.442762 
294 	 -2.236773 	 0.416842 
295 	 -2.734844 	 0.423457 
296 	 -3.228495 	 0.423834 
297 	 -3.047967 	 0.384719 
298 	 -2.321122 	 0.407964 
299 	 0.000000 	 0.000000 
300 	 -2.906133 	 0.443277 
301 	 -2.995101 	 0.413195 
302 	 -2.569681 	 0.417739 
303 	 -2.692641 	 0.417416 
304 	 -1.511694 	 0.415765 
305 	 -0.428823 	 0.380464 
306 	 0.088193 	 0.433325 
307 	 -2.035020 	 0.438419 
308 	 -3.026303 	 0.380661 
309 	 -0.153009 	 0.420531 
310 	 -2.675166 	 0.410417 
311 	 -2.607164 	 0.406421 
312 	 -2.520875 	 0.414932 
313 	 -0.632713 	 0.415394 
314 	 -3.167005 	 0.452323 
315 	 -3.736684 	 0.420868 
316 	 -2.313442 	 0.423147 
317 	 -3.396853 	 0.403032 
318 	 -1.703258 	 0.399862 
319 	 1.633799 	 1.228861 
320 	 0.000000 	 0.000000 
321 	 0.000000 	 0.000000 
322 	 0.000000 	 0.000000 
323 	 0.000000 	 0.000000 
324 	 0.000000 	 0.000000 
325 	 0.000000 	 0.000000 
326 	 0.000000 	 0.000000 
327 	 0.000000 	 0.000000 
328 	 0.000000 	 0.000000 
329 	 0.000000 	 0.000000 
330 	 0.000000 	 0.000000 
331 	 0.000000 	 0.000000 
332 	 0.000000 	 0.000000 
333 	 0.000000 	 0.000000 
334 	 0.000000 	 0.000000 
335 	 0.000000 	 0.000000 
336 	 0.000000 	 0.000000 
337 	 0.000000 	 0.000000 
338 	 0.000000 	 0.000000 
339 	 0.000000 	 0.000000 
340 	 0.000000 	 0.000000 
341 	 0.000000 	 0.000000 
342 	 0.000000 	 0.000000 
343 	 0.000000 	 0.000000 
344 	 0.000000 	 0.000000 
345 	 0.000000 	 0.000000 
346 	 0.000000 	 0.000000 
347 	 0.000000 	 0.000000 
348 	 0.000000 	 0.000000 
349 	 0.000000 	 0.000000 
350 	 0.000000 	 0.000000 
351 	 0.000000 	 0.000000 
352 	 0.000000 	 0.000000 
353 	 0.000000 	 0.000000 
354 	 0.000000 	 0.000000 
355 	 0.000000 	 0.000000 
356 	 0.000000 	 0.000000 
357 	 0.000000 	 0.000000 
358 	 0.000000 	 0.000000 
359 	 0.000000 	 0.000000 
360 	 0.000000 	 0.000000 
361 	 0.000000 	 0.000000 
362 	 0.000000 	 0.000000 
363 	 0.000000 	 0.000000 
364 	 0.000000 	 0.000000 
365 	 0.000000 	 0.000000 
366 	 0.000000 	 0.000000 
367 	 0.000000 	 0.000000 
368 	 0.000000 	 0.000000 
369 	 0.000000 	 0.000000 
370 	 0.000000 	 0.000000 
371 	 0.000000 	 0.000000 
372 	 0.000000 	 0.000000 
373 	 0.000000 	 0.000000 
374 	 0.000000 	 0.000000 
375 	 0.000000 	 0.000000 
376 	 0.000000 	 0.000000 
377 	 0.000000 	 0.000000 
378 	 0.000000 	 0.000000 
379 	 0.000000 	 0.000000 
380 	 0.000000 	 0.000000 
381 	 0.000000 	 0.000000 
382 	 0.000000 	 0.000000 
383 	 0.000000 	 0.000000 
384 	 0.000000 	 0.000000 
385 	 0.000000 	 0.000000 
386 	 0.000000 	 0.000000 
387 	 0.000000 	 0.000000 
388 	 0.000000 	 0.000000 
389 	 0.000000 	 0.000000 
390 	 0.000000 	 0.000000 
391 	 0.000000 	 0.000000 
392 	 0.000000 	 0.000000 
393 	 0.000000 	 0.000000 
394 	 0.000000 	 0.000000 
395 	 0.000000 	 0.000000 
396 	 0.000000 	 0.000000 
397 	 0.000000 	 0.000000 
398 	 0.000000 	 0.000000 
399 	 0.000000 	 0.000000 
400 	 0.000000 	 0.000000 
401 	 0.000000 	 0.000000 
402 	 0.000000 	 0.000000 
403 	 0.000000 	 0.000000 
404 	 0.000000 	 0.000000 
405 	 0.000000 	 0.000000 
406 	 0.000000 	 0.000000 
407 	 0.000000 	 0.000000 
408 	 0.000000 	 0.000000 
409 	 0.000000 	 0.000000 
410 	 0.000000 	 0.000000 
411 	 0.000000 	 0.000000 
412 	 0.000000 	 0.000000 
413 	 0.000000 	 0.000000 
414 	 0.000000 	 0.000000 
415 	 0.000000 	 0.000000 
416 	 0.000000 	 0.000000 
417 	 0.000000 	 0.000000 
418 	 0.000000 	 0.000000 
419 	 0.000000 	 0.000000 
420 	 0.000000 	 0.000000 
421 	 0.000000 	 0.000000 
422 	 0.000000 	 0.000000 
423 	 0.000000 	 0.000000 
424 	 0.000000 	 0.000000 
425 	 0.000000 	 0.000000 
426 	 0.000000 	 0.000000 
427 	 0.000000 	 0.000000 
428 	 0.000000 	 0.000000 
429 	 0.000000 	 0.000000 
430 	 0.000000 	 0.000000 
431 	 0.000000 	 0.000000 
432 	 0.000000 	 0.000000 
433 	 0.000000 	 0.000000 
434 	 0.000000 	 0.000000 
435 	 0.000000 	 0.000000 
436 	 0.000000 	 0.000000 
437 	 0.000000 	 0.000000 
438 	 0.000000 	 0.000000 
439 	 0.000000 	 0.000000 
440 	 0.000000 	 0.000000 
441 	 0.000000 	 0.000000 
442 	 0.000000 	 0.000000 
443 	 0.000000 	 0.000000 
444 	 0.000000 	 0.000000 
445 	 0.000000 	 0.000000 
446 	 0.000000 	 0.000000 
447 	 0.000000 	 0.000000 
448 	 0.000000 	 0.000000 
449 	 0.000000 	 0.000000 
450 	 0.000000 	 0.000000 
451 	 0.000000 	 0.000000 
452 	 0.000000 	 0.000000 
453 	 0.000000 	 0.000000 
454 	 0.000000 	 0.000000 
455 	 0.000000 	 0.000000 
456 	 0.000000 	 0.000000 
457 	 0.000000 	 0.000000 
458 	 0.000000 	 0.000000 
459 	 0.000000 	 0.000000 
460 	 0.000000 	 0.000000 
461 	 0.000000 	 0.000000 
462 	 0.000000 	 0.000000 
463 	 0.000000 	 0.000000 
464 	 0.000000 	 0.000000 
465 	 0.000000 	 0.000000 
466 	 0.000000 	 0.000000 
467 	 0.000000 	 0.000000 
468 	 0.000000 	 0.000000 
469 	 0.000000 	 0.000000 
470 	 0.000000 	 0.000000 
471 	 0.000000 	 0.000000 
472 	 0.000000 	 0.000000 
473 	 0.000000 	 0.000000 
474 	 0.000000 	 0.000000 
475 	 0.000000 	 0.000000 
476 	 0.000000 	 0.000000 
477 	 0.000000 	 0.000000 
478 	 0.000000 	 0.000000 
479 	 0.000000 	 0.000000 
480 	 -3.680407 	 0.379847 
481 	 0.026013 	 0.366389 
482 	 -2.523775 	 0.379368 
483 	 -2.486342 	 0.382115 
484 	 -1.012810 	 0.380530 
485 	 -3.391623 	 0.379491 
486 	 -2.788595 	 0.378332 
487 	 -2.488980 	 0.376679 
488 	 -0.430339 	 0.374519 
489 	 0.000000 	 0.000000 
490 	 -3.274881 	 0.385196 
491 	 -2.948729 	 0.382617 
492 	 -1.654545 	 0.375836 
493 	 -2.858438 	 0.380143 
494 	 -4.010861 	 0.380418 
495 	 -3.569347 	 0.374425 
496 	 -2.872163 	 0.378096 
497 	 -3.544725 	 0.385273 
498 	 -2.985824 	 0.384998 
499 	 0.000000 	 0.000000 
500 	 -0.505037 	 0.369506 
501 	 -0.602710 	 0.374860 
502 	 -2.827141 	 0.380010 
503 	 -1.224595 	 0.378492 
504 	 -1.689016 	 0.367277 
505 	 -1.075085 	 0.380348 
506 	 -3.996067 	 0.381303 
507 	 -2.206505 	 0.383323 
508 	 -1.438803 	 0.380529 
509 	 0.358822 	 0.408152 
510 	 -1.183278 	 0.376750 
511 	 -2.477108 	 0.376024 
512 	 -3.119754 	 0.375601 
513 	 -4.198692 	 0.375535 
514 	 -3.737923 	 0.380277 
515 	 -1.950814 	 0.383821 
516 	 -0.009605 	 0.365200 
517 	 -0.700901 	 0.384021 
518 	 0.049845 	 0.379218 
519 	 1.155063 	 1.184597 
520 	 -2.394223 	 0.384729 
521 	 -2.269591 	 0.374494 
522 	 -2.275091 	 0.386331 
523 	 -0.244853 	 0.377798 
524 	 -0.178557 	 0.369563 
525 	 -0.365822 	 0.377995 
526 	 -2.478631 	 0.376366 
527 	 -1.119656 	 0.377790 
528 	 -0.248531 	 0.385761 
529 	 0.000000 	 0.000000 
530 	 -0.212565 	 0.376140 
531 	 -2.451853 	 0.385916 
532 	 -0.181633 	 0.372553 
533 	 -1.442969 	 0.371505 
534 	 0.003995 	 0.359217 
535 	 -2.206501 	 0.380589 
536 	 -1.063269 	 0.381841 
537 	 -2.081277 	 0.367188 
538 	 -1.380363 	 0.375160 
539 	 0.000000 	 0.000000 
540 	 -0.742477 	 0.382394 
541 	 -3.190325 	 0.381639 
542 	 -0.765716 	 0.374456 
543 	 -1.560811 	 0.379969 
544 	 -0.244651 	 0.376318 
545 	 -0.522580 	 0.379463 
546 	 -0.785805 	 0.378652 
547 	 -1.151694 	 0.372046 
548 	 -3.154471 	 0.383003 
549 	 0.500561 	 0.393454 
550 	 -1.913918 	 0.377978 
551 	 -3.096369 	 0.376863 
552 	 -2.197502 	 0.380230 
553 	 -2.751064 	 0.378479 
554 	 -1.622844 	 0.378237 
555 	 -3.014976 	 0.382270 
556 	 -2.012786 	 0.375406 
557 	 -3.153807 	 0.374407 
558 	 0.469559 	 0.369193 
559 	 -0.534391 	 1.143233 
560 	 -1.531727 	 0.375158 
561 	 -0.296027 	 0.375271 
562 	 -1.743345 	 0.373987 
563 	 -2.038140 	 0.378086 
564 	 -0.190315 	 0.371538 
565 	 -1.572122 	 0.380417 
566 	 -1.059176 	 0.392119 
567 	 -2.386814 	 0.383861 
568 	 -3.591579 	 0.372235 
569 	 0.000000 	 0.000000 
570 	 -2.532648 	 0.393822 
571 	 -4.342474 	 0.735094 
572 	 -0.907278 	 0.368526 
573 	 -0.035877 	 0.371692 
574 	 -1.142616 	 0.346614 
575 	 -2.164921 	 0.378887 
576 	 -2.332369 	 0.381848 
577 	 -2.126013 	 0.385230 
578 	 -1.294536 	 0.375858 
579 	 0.000000 	 0.000000 
580 	 -3.203567 	 0.377511 
581 	 -2.621805 	 0.382068 
582 	 -1.937304 	 0.382271 
583 	 -1.822029 	 0.385577 
584 	 -0.258976 	 0.371384 
585 	 -2.775351 	 0.375490 
586 	 -0.779397 	 0.374266 
587 	 -2.378162 	 0.739850 
588 	 -0.303274 	 0.362516 
589 	 0.608324 	 0.384234 
590 	 -3.267274 	 0.377771 
591 	 -4.317491 	 0.380619 
592 	 -3.426526 	 0.380078 
593 	 -1.755122 	 0.380018 
594 	 -2.683550 	 0.380152 
595 	 -3.228343 	 0.387703 
596 	 -4.060353 	 0.391232 
597 	 -2.542653 	 0.389403 
598 	 -2.838236 	 0.389439 
599 	 0.849390 	 1.154026 
600 	 -1.507279 	 0.385651 
601 	 -0.431691 	 0.373268 
602 	 -2.592001 	 0.374496 
603 	 -0.835607 	 0.384524 
604 	 -1.073354 	 0.379240 
605 	 -3.672296 	 0.377343 
606 	 -0.750195 	 0.374362 
607 	 -3.135962 	 0.376306 
608 	 -2.051944 	 0.376195 
609 	 0.000000 	 0.000000 
610 	 -2.706831 	 0.374776 
611 	 -3.294466 	 0.378172 
612 	 -1.300441 	 0.378940 
613 	 -1.608240 	 0.374792 
614 	 -2.968822 	 0.375132 
615 	 -3.678832 	 0.379169 
616 	 -2.107881 	 0.377571 
617 	 -3.144761 	 0.379080 
618 	 0.129836 	 0.369745 
619 	 0.000000 	 0.000000 
620 	 0.374276 	 0.373260 
621 	 -1.126769 	 0.385165 
622 	 -0.160210 	 0.374767 
623 	 -2.781419 	 0.381571 
624 	 -2.402486 	 0.376425 
625 	 -0.816864 	 0.371180 
626 	 -1.404781 	 0.381915 
627 	 -3.311496 	 0.383952 
628 	 -0.356464 	 0.376984 
629 	 0.676431 	 0.369212 
630 	 -3.001960 	 0.380985 
631 	 -4.088001 	 0.369483 
632 	 -2.839681 	 0.373536 
633 	 -2.229739 	 0.379156 
634 	 0.204871 	 0.368135 
635 	 -2.698250 	 0.381037 
636 	 -2.683344 	 0.368924 
637 	 -2.981163 	 0.383895 
638 	 -4.291595 	 0.350987 
639 	 1.341800 	 1.086189 
640 	 -1.971742 	 0.368000 
641 	 -0.814011 	 0.371996 
642 	 -2.449828 	 0.368814 
643 	 -1.004481 	 0.373240 
644 	 -0.300794 	 0.359138 
645 	 -1.604299 	 0.425076 
646 	 -0.588409 	 0.346411 
647 	 -3.425103 	 0.407809 
648 	 -0.994110 	 0.369718 
649 	 0.000000 	 0.000000 
650 	 -1.646803 	 0.379086 
651 	 -0.814598 	 0.349933 
652 	 -0.572992 	 0.410081 
653 	 -0.060208 	 0.354144 
654 	 -0.685186 	 0.354621 
655 	 -1.402545 	 0.371731 
656 	 -0.316624 	 0.362805 
657 	 -3.333879 	 0.374746 
658 	 0.105419 	 0.381946 
659 	 0.000000 	 0.000000 
660 	 0.117886 	 0.355330 
661 	 0.195009 	 0.371699 
662 	 -0.596529 	 0.375725 
663 	 -0.996922 	 0.393429 
664 	 -0.645577 	 0.346467 
665 	 -1.149297 	 0.371792 
666 	 -3.161458 	 0.363174 
667 	 -1.086047 	 0.368942 
668 	 -0.099147 	 0.370584 
669 	 -0.223105 	 0.425281 
670 	 -3.039845 	 0.412997 
671 	 -0.224218 	 0.344398 
672 	 -3.531015 	 0.411110 
673 	 -0.439426 	 0.357211 
674 	 -0.604524 	 0.364553 
675 	 -3.417140 	 0.368381 
676 	 -7.433697 	 0.377306 
677 	 -3.574071 	 0.391072 
678 	 -3.485831 	 0.414618 
679 	 1.440213 	 1.259241 
680 	 -0.983924 	 0.351584 
681 	 -3.503254 	 0.367678 
682 	 -2.843025 	 0.407985 
683 	 -1.757451 	 0.397055 
684 	 -2.442919 	 0.372624 
685 	 0.115383 	 0.389110 
686 	 -3.288975 	 0.411262 
687 	 -3.191877 	 0.433657 
688 	 -2.461388 	 0.394695 
689 	 0.000000 	 0.000000 
690 	 -3.151788 	 0.400507 
691 	 0.207115 	 0.391379 
692 	 0.398435 	 0.352908 
693 	 -0.187950 	 0.372347 
694 	 -0.358402 	 0.348500 
695 	 -3.000435 	 0.424022 
696 	 -0.309372 	 0.411641 
697 	 -3.514877 	 0.400167 
698 	 -0.349008 	 0.370249 
699 	 0.000000 	 0.000000 
700 	 -2.292851 	 0.383502 
701 	 -0.596109 	 0.317444 
702 	 -2.904119 	 0.416203 
703 	 -1.417360 	 0.374629 
704 	 -3.643844 	 0.376877 
705 	 -1.061380 	 0.396526 
706 	 -2.918635 	 0.382685 
707 	 -1.297926 	 0.385154 
708 	 -0.500988 	 0.350680 
709 	 0.074955 	 0.400846 
710 	 -2.979671 	 0.398621 
711 	 -3.125780 	 0.388410 
712 	 -0.970227 	 0.348541 
713 	 -3.092477 	 0.411309 
714 	 -3.256517 	 0.377467 
715 	 -3.615685 	 0.409879 
716 	 0.008434 	 0.363963 
717 	 3.789195 	 0.390269 
718 	 -4.082576 	 0.407189 
719 	 2.607115 	 1.175223 
720 	 -0.762320 	 0.377975 
721 	 -3.118288 	 0.375835 
722 	 -3.543049 	 0.363459 
723 	 -1.348618 	 0.408065 
724 	 -2.848626 	 0.405381 
725 	 -1.406541 	 0.351387 
726 	 0.198359 	 0.350112 
727 	 -1.647837 	 0.364711 
728 	 -2.377831 	 0.365055 
729 	 0.000000 	 0.000000 
730 	 -0.852633 	 0.366071 
731 	 -2.337940 	 0.394052 
732 	 -2.337619 	 0.394558 
733 	 -1.594788 	 0.364805 
734 	 -2.887615 	 0.426516 
735 	 -1.994274 	 0.405122 
736 	 -0.301166 	 0.363243 
737 	 0.313733 	 0.355487 
738 	 -3.398831 	 0.379180 
739 	 0.000000 	 0.000000 
740 	 -2.233784 	 0.374854 
741 	 0.352302 	 0.353754 
742 	 0.314047 	 0.385006 
743 	 -3.623833 	 0.402149 
744 	 -3.479847 	 0.380307 
745 	 -1.948213 	 0.375612 
746 	 -2.727647 	 0.415875 
747 	 -0.053902 	 0.364877 
748 	 -2.188173 	 0.362735 
749 	 0.619010 	 0.436840 
750 	 -0.513580 	 0.366720 
751 	 -4.201761 	 0.402670 
752 	 -2.960216 	 0.396583 
753 	 3.670736 	 0.335161 
754 	 -0.660246 	 0.367718 
755 	 -0.613159 	 0.355806 
756 	 -1.713787 	 0.378256 
757 	 -3.036073 	 0.367634 
758 	 -0.432031 	 0.367735 
759 	 1.729917 	 1.246264 
760 	 -0.021013 	 0.356159 
761 	 -2.762072 	 0.370209 
762 	 0.462046 	 0.337852 
763 	 -0.748482 	 0.385481 
764 	 -1.100040 	 0.359408 
765 	 -0.553560 	 0.370433 
766 	 -2.976492 	 0.375921 
767 	 -4.334818 	 0.372290 
768 	 -0.779702 	 0.389071 
769 	 0.000000 	 0.000000 
770 	 0.292593 	 0.359417 
771 	 -2.812793 	 0.400361 
772 	 -0.825143 	 0.366913 
773 	 -2.011638 	 0.381941 
774 	 -0.377485 	 0.363008 
775 	 -2.473095 	 0.402550 
776 	 -2.732100 	 0.402052 
777 	 -2.430818 	 0.401072 
778 	 -0.867089 	 0.368324 
779 	 0.000000 	 0.000000 
780 	 -2.246188 	 0.381762 
781 	 -0.566453 	 0.374986 
782 	 -2.963881 	 0.406333 
783 	 1.517592 	 0.410608 
784 	 -1.162573 	 0.398448 
785 	 -0.258030 	 0.367872 
786 	 -1.344280 	 0.353058 
787 	 -2.321697 	 0.381581 
788 	 -3.544909 	 0.401454 
789 	 -0.244790 	 0.403332 
790 	 -3.488396 	 0.409465 
791 	 -0.801590 	 0.398198 
792 	 -2.764320 	 0.371587 
793 	 -2.935315 	 0.392922 
794 	 -2.072478 	 0.372358 
795 	 -2.161059 	 0.355782 
796 	 -2.278385 	 0.393136 
797 	 -1.016263 	 0.351998 
798 	 -3.506725 	 0.381013 
799 	 4.005815 	 1.172024 
800 	 -3.076733 	 0.424364 
801 	 -2.497159 	 0.428261 
802 	 -2.955706 	 0.426915 
803 	 -3.829825 	 0.417436 
804 	 -3.093752 	 0.413594 
805 	 -3.504512 	 0.420764 
806 	 -3.845499 	 0.414677 
807 	 0.000000 	 0.000000 
808 	 -3.177256 	 0.416932 
809 	 0.000000 	 0.000000 
810 	 -3.463323 	 0.426286 
811 	 -3.114155 	 0.419481 
812 	 -3.910724 	 0.423891 
813 	 -2.419841 	 0.410401 
814 	 -3.351759 	 0.436202 
815 	 -1.931792 	 0.415455 
816 	 -2.980464 	 0.401759 
817 	 -2.982587 	 0.424588 
818 	 -3.988821 	 0.421412 
819 	 0.000000 	 0.000000 
820 	 -3.953401 	 0.414872 
821 	 -3.297185 	 0.417379 
822 	 -4.186976 	 0.426724 
823 	 -3.207637 	 0.426644 
824 	 7.291057 	 0.499018 
825 	 -2.434582 	 0.395979 
826 	 -2.774648 	 0.427172 
827 	 -2.652670 	 0.416992 
828 	 -3.078523 	 0.423518 
829 	 0.088359 	 0.461303 
830 	 -3.281897 	 0.425194 
831 	 -4.232402 	 0.425331 
832 	 -4.238217 	 0.415350 
833 	 -3.988623 	 0.425654 
834 	 -4.295189 	 0.416295 
835 	 -4.568263 	 0.412447 
836 	 -1.287381 	 0.422208 
837 	 6.995075 	 0.422735 
838 	 -5.009743 	 0.420901 
839 	 2.024957 	 1.376309 
840 	 -4.288098 	 0.418917 
841 	 -3.115441 	 0.427526 
842 	 -2.784816 	 0.386226 
843 	 -4.607234 	 0.416478 
844 	 -3.441143 	 0.418151 
845 	 -5.055669 	 0.420965 
846 	 -3.772598 	 0.412641 
847 	 -2.864624 	 0.414164 
848 	 -1.733337 	 0.414670 
849 	 0.000000 	 0.000000 
850 	 -2.575000 	 0.416733 
851 	 -2.193651 	 0.409266 
852 	 -2.883153 	 0.413248 
853 	 -3.488517 	 0.415176 
854 	 -3.885548 	 0.427030 
855 	 -3.873503 	 0.423737 
856 	 -2.206768 	 0.412391 
857 	 -2.964866 	 0.406306 
858 	 -3.798866 	 0.419454 
859 	 0.000000 	 0.000000 
860 	 -0.004143 	 0.299475 
861 	 3.813240 	 0.407198 
862 	 -3.427186 	 0.413435 
863 	 -0.763377 	 0.423233 
864 	 -3.306588 	 0.417329 
865 	 -3.086655 	 0.418311 
866 	 -4.016664 	 0.430268 
867 	 -4.001251 	 0.425392 
868 	 0.013378 	 0.412338 
869 	 -0.045578 	 0.444725 
870 	 -2.069030 	 0.416267 
871 	 -3.395350 	 0.434506 
872 	 -2.894885 	 0.418827 
873 	 -3.654217 	 0.428838 
874 	 -5.952801 	 0.428331 
875 	 -4.180753 	 0.420525 
876 	 -2.376557 	 0.437128 
877 	 -0.844935 	 0.424248 
878 	 -3.970886 	 0.427442 
879 	 3.819814 	 1.297539 
880 	 -3.100141 	 0.423270 
881 	 -0.574581 	 0.318807 
882 	 -3.237929 	 0.420924 
883 	 -4.356383 	 0.424658 
884 	 -3.203461 	 0.428085 
885 	 -2.684954 	 0.415538 
886 	 -3.115177 	 0.419308 
887 	 -2.017493 	 0.420630 
888 	 -3.902518 	 0.424389 
889 	 0.000000 	 0.000000 
890 	 -3.467099 	 0.416297 
891 	 -2.721130 	 0.432001 
892 	 -1.448116 	 0.415546 
893 	 -0.706431 	 0.406018 
894 	 0.224102 	 0.415514 
895 	 -0.003218 	 0.411252 
896 	 0.143207 	 0.412811 
897 	 -2.442370 	 0.411785 
898 	 -2.244948 	 0.411439 
899 	 0.000000 	 0.000000 
900 	 -4.302383 	 0.422645 
901 	 -4.060518 	 0.415863 
902 	 -3.320689 	 0.409169 
903 	 -3.109924 	 0.426785 
904 	 -3.311220 	 0.417409 
905 	 -4.065697 	 0.432951 
906 	 -4.283747 	 0.426103 
907 	 -4.320478 	 0.421605 
908 	 -4.185208 	 0.418500 
909 	 -0.678768 	 0.432668 
910 	 -3.177962 	 0.427263 
911 	 -3.610497 	 0.427734 
912 	 -3.307339 	 0.409726 
913 	 -3.823339 	 0.419019 
914 	 -2.777942 	 0.418026 
915 	 -2.685225 	 0.418334 
916 	 -3.427914 	 0.421544 
917 	 -3.524237 	 0.416937 
918 	 -3.026243 	 0.427193 
919 	 -0.531105 	 1.221289 
920 	 -3.606984 	 0.411782 
921 	 -2.406817 	 0.426383 
922 	 -2.549408 	 0.423245 
923 	 -1.994674 	 0.431200 
924 	 -2.369757 	 0.436023 
925 	 -3.492615 	 0.422203 
926 	 -3.055945 	 0.411764 
927 	 -2.629501 	 0.419806 
928 	 -2.993795 	 0.425694 
929 	 0.000000 	 0.000000 
930 	 -0.195680 	 0.422441 
931 	 -1.299014 	 0.415212 
932 	 -1.990505 	 0.422369 
933 	 -3.586240 	 0.421087 
934 	 -2.484644 	 0.403961 
935 	 -0.592729 	 0.419976 
936 	 -1.570834 	 0.413368 
937 	 -1.212681 	 0.420553 
938 	 -3.347373 	 0.415602 
939 	 0.000000 	 0.000000 
940 	 -1.511025 	 0.418296 
941 	 -3.156282 	 0.417528 
942 	 -3.058080 	 0.423990 
943 	 -3.358437 	 0.427800 
944 	 -1.808056 	 0.422469 
945 	 -2.268216 	 0.415720 
946 	 0.160810 	 0.420176 
947 	 0.032044 	 0.405466 
948 	 -3.610127 	 0.424028 
949 	 0.046178 	 0.430906 
950 	 -2.866523 	 0.421314 
951 	 -3.802391 	 0.424353 
952 	 -2.864982 	 0.414144 
953 	 -2.893368 	 0.417229 
954 	 -2.901681 	 0.436543 
955 	 -3.782756 	 0.409115 
956 	 -2.926264 	 0.421725 
957 	 -3.780385 	 0.413756 
958 	 -3.519715 	 0.430694 
959 	 0.604699 	 1.240046 
960 	 0.162413 	 0.344276 
961 	 -3.318343 	 0.376735 
962 	 -1.167326 	 0.341808 
963 	 -1.862441 	 0.374997 
964 	 0.525373 	 0.344356 
965 	 -3.000069 	 0.346880 
966 	 -0.670241 	 0.346610 
967 	 -1.363845 	 0.373209 
968 	 -2.610761 	 0.370527 
969 	 0.000000 	 0.000000 
970 	 -3.326300 	 0.388738 
971 	 -0.700683 	 0.338596 
972 	 -1.805310 	 0.345405 
973 	 -0.861100 	 0.346689 
974 	 -3.300886 	 0.374616 
975 	 -3.328544 	 0.383606 
976 	 -0.573134 	 0.371412 
977 	 -0.271488 	 0.352700 
978 	 -0.918464 	 0.351501 
979 	 0.000000 	 0.000000 
980 	 0.460375 	 0.266241 
981 	 -0.201456 	 0.289822 
982 	 -0.554774 	 0.297145 
983 	 -0.358630 	 0.274145 
984 	 0.692728 	 0.275828 
985 	 -0.038238 	 0.276857 
986 	 -16.997693 	 0.274697 
987 	 0.229156 	 0.287870 
988 	 -0.273195 	 0.276030 
989 	 0.205577 	 0.328293 
990 	 -0.111986 	 0.381233 
991 	 -0.028489 	 0.343768 
992 	 -0.997603 	 0.344933 
993 	 -0.090008 	 0.344955 
994 	 -2.258020 	 0.376082 
995 	 -1.177758 	 0.347738 
996 	 -3.468710 	 0.380564 
997 	 -0.237696 	 0.343330 
998 	 0.323439 	 0.343011 
999 	 1.975436 	 1.231607 
1000 	 -1.505528 	 0.348905 
1001 	 -2.205128 	 0.352194 
1002 	 -2.450813 	 0.388086 
1003 	 -0.819952 	 0.350543 
1004 	 -3.441054 	 0.378829 
1005 	 -0.651601 	 0.340301 
1006 	 0.000000 	 0.000000 
1007 	 -0.308530 	 0.341236 
1008 	 -1.196763 	 0.386961 
1009 	 0.000000 	 0.000000 
1010 	 -1.781158 	 0.378622 
1011 	 -2.844696 	 0.382315 
1012 	 -0.201404 	 0.351819 
1013 	 -1.359901 	 0.348948 
1014 	 -0.338467 	 0.347557 
1015 	 -3.001633 	 0.378028 
1016 	 -1.065342 	 0.379792 
1017 	 -2.609892 	 0.380737 
1018 	 0.087463 	 0.346600 
1019 	 0.000000 	 0.000000 
1020 	 0.852276 	 0.348235 
1021 	 -1.017804 	 0.357684 
1022 	 -0.585397 	 0.380258 
1023 	 -0.390523 	 0.346220 
1024 	 -2.582776 	 0.383448 
1025 	 -0.082618 	 0.349084 
1026 	 -0.416448 	 0.347271 
1027 	 0.148596 	 0.343791 
1028 	 -3.205784 	 0.382000 
1029 	 0.458360 	 0.386717 
1030 	 0.148328 	 0.349057 
1031 	 -2.987697 	 0.382974 
1032 	 -1.431628 	 0.350312 
1033 	 -1.893674 	 0.344532 
1034 	 0.000000        0.000000
1035 	 -3.031496 	 0.388414 
1036 	 -0.053571 	 0.339901 
1037 	 -2.615600 	 0.379418 
1038 	 -0.725433 	 0.349238 
1039 	 0.259340 	 1.136409 
1040 	 -0.986941 	 0.350281 
1041 	 -2.916712 	 0.380489 
1042 	 -1.843506 	 0.371600 
1043 	 -1.152036 	 0.370113 
1044 	 -1.224299 	 0.381068 
1045 	 -2.718102 	 0.350104 
1046 	 -0.568409 	 0.349936 
1047 	 -2.378182 	 0.387485 
1048 	 -1.921244 	 0.374892 
1049 	 0.000000 	 0.000000 
1050 	 0.247130 	 0.348819 
1051 	 -2.515287 	 0.391890 
1052 	 -0.110845 	 0.348388 
1053 	 -0.189684 	 0.344750 
1054 	 -2.595059 	 0.384195 
1055 	 -0.940777 	 0.376604 
1056 	 -0.961666 	 0.376985 
1057 	 0.708820 	 0.379972 
1058 	 -2.997374 	 0.348250 
1059 	 0.000000 	 0.000000 
1060 	 -0.372272 	 0.350855 
1061 	 -2.262065 	 0.378319 
1062 	 -1.926896 	 0.380320 
1063 	 -2.549732 	 0.383202 
1064 	 -2.463025 	 0.390786 
1065 	 -0.824310 	 0.348853 
1066 	 -0.697099 	 0.351899 
1067 	 -0.511755 	 0.392865 
1068 	 -3.648513 	 0.393184 
1069 	 0.056272 	 0.396177 
1070 	 -3.891191 	 0.382026 
1071 	 -3.451083 	 0.379394 
1072 	 -0.426498 	 0.344238 
1073 	 -0.234005 	 0.338644 
1074 	 -2.547107 	 0.376859 
1075 	 -1.120454 	 0.372211 
1076 	 -0.512608 	 0.377160 
1077 	 -0.182205 	 0.370555 
1078 	 -0.430282 	 0.338998 
1079 	 1.140864 	 1.145479 
1080 	 -1.122776 	 0.349139 
1081 	 -2.129430 	 0.378447 
1082 	 -1.082060 	 0.377958 
1083 	 -2.748005 	 0.381371 
1084 	 -3.502239 	 0.383565 
1085 	 -0.371064 	 0.350421 
1086 	 -0.954934 	 0.343122 
1087 	 -2.451461 	 0.383218 
1088 	 0.322297 	 0.343618 
1089 	 0.000000 	 0.000000 
1090 	 -2.059990 	 0.384456 
1091 	 -1.012610 	 0.373934 
1092 	 -0.408797 	 0.344400 
1093 	 -0.848060 	 0.355261 
1094 	 -2.116111 	 0.371358 
1095 	 -3.276796 	 0.381107 
1096 	 -2.783887 	 0.383541 
1097 	 -3.664870 	 0.387534 
1098 	 -0.339191 	 0.348309 
1099 	 0.000000 	 0.000000 
1100 	 -1.743162 	 0.378206 
1101 	 -1.988825 	 0.383583 
1102 	 -2.495898 	 0.349464 
1103 	 0.340424 	 0.344612 
1104 	 0.168460 	 0.377309 
1105 	 -0.079788 	 0.352006 
1106 	 -3.411383 	 0.375595 
1107 	 0.085406 	 0.369808 
1108 	 -0.004451 	 0.350127 
1109 	 -0.284875 	 0.383543 
1110 	 -1.337727 	 0.357368 
1111 	 -3.573570 	 0.387655 
1112 	 -2.927298 	 0.384138 
1113 	 -3.127887 	 0.353275 
1114 	 -1.844425 	 0.380046 
1115 	 -1.059974 	 0.352272 
1116 	 0.163538 	 0.349044 
1117 	 -3.901997 	 0.387462 
1118 	 -3.718550 	 0.387247 
1119 	 1.986778 	 1.132709 
