0   0  -184.58  0.00246792
0   1  139.50   0.00375374 
0   2  265.93   0.00453947 
0   3  319.12   0.00466381 
0   4  259.06   0.00558690 
0   5  239.72   0.00643380 
0   6  123.77   0.00330511 
0   7  71.69    0.00349313 
0   8  187.28   0.00498750 
0   9  145.37   0.00614405 
0  10  243.60   0.00623506 
0  11  269.13   0.00609189 
0  12  233.32   0.00448646 
0  13  153.18   0.00344590 
0  14  135.15   0.00379182 
0  15  155.13   0.00408738 
0  16  197.33   0.00611034 
0  17  171.44   0.00594512 
0  18  183.92   0.00511250 
0  19  189.38   0.00480682 
0  20  163.43   0.00405400 
0  21  130.49   0.00398485 
0  22  133.82   0.00334188 
0  23  65.62    0.00266959 
0  24  266.22   0.01112174 
0  25  158.41   0.00597692 
0  26  200.99   0.00499186 
0  27  166.12   0.00505875 
0  28  151.50   0.00410851 
0  29  167.36   0.00378687 
0  30  136.21   0.00320086 
0  31  175.27   0.00264507 
0  32  208.46   0.00631772 
0  33  177.94   0.00646857 
0  34  154.01   0.00557733 
0  35  193.24   0.00701964 
0  36  138.69   0.00374200 
0  37  107.72   0.00342075 
0  38  195.84   0.00398667 
0  39  122.87   0.00245405 
0  40  215.73   0.00561932 
0  41  173.82   0.00581688 
0  42  144.06   0.00487412 
0  43  150.79   0.00498462 
0  44  141.98   0.00389263 
0  45  103.96   0.00293443 
0  46  121.80   0.00297647 
0  47  90.15    0.00209766 
0  48  204.05   0.00411570 
0  49  164.68   0.00460816 
0  50  196.93   0.00393774 
0  51  163.17   0.00373333 
0  52  96.57    0.00259097 
0  53  113.57   0.00263869 
0  54  87.04    0.00232273 
0  55  -23.76   0.00174135 
0  56  108.27   0.00411129 
0  57  198.57   0.00407105 
0  58  176.41   0.00312117 
0  59  130.37   0.00283732 
0  60  86.69    0.00234451 
0  61  90.34    0.00233188 
0  62  54.18    0.00216023 
0  63  49.82    0.00194635 
0  64  -419.81  0.00148168 
0  65  36.86    0.00175530 
0  66  103.20   0.00494247 
0  67  133.75   0.00405412 
0  68  102.13   0.00373820 
0  69  89.82    0.00396951 
0  70  182.57   0.00414231 
0  71  220.23   0.00307453 
0  72  169.88   0.00513067 
0  73  301.40   0.00333426 
0  74  188.03   0.00491304 
0  75  207.08   0.00495231 
0  76  194.10   0.00483125 
0  77  152.71   0.00502500 
0  78  262.67   0.00369136 
0  79  247.82   0.00339213 
0  80  174.84   0.00550896 
0  81  218.64   0.00423951 
0  82  235.77   0.00387229 
0  83  230.55   0.00384177 
0  84  180.67   0.00338140 
0  85  154.74   0.00302872 
0  86  150.27   0.00392361 
0  87  166.63   0.00279412 
0  88  185.61   0.00401461 
0  89  175.35   0.00486618 
0  90  216.08   0.00428056 
0  91  180.45   0.00453750 
0  92  142.14   0.00404348 
0  93  168.02   0.00376111 
0  94  105.47   0.00377606 
0  95  77.45    0.00285474 
0  96  99.91    0.00432099 
0  97  138.39   0.00687447 
0  98  195.95   0.00666444 
0  99  156.15   0.00645000 
0 100  143.75   0.00540400 
0 101  142.28   0.00513137 
0 102  130.63   0.00528571 
0 103  128.79   0.00369296 
0 104  155.11   0.00609649 
0 105  143.75   0.00711556 
0 106  174.65   0.00742250 
0 107  159.58   0.00610652 
0 108  151.17   0.00667250 
0 109  134.50   0.00587273 
0 110  121.12   0.00532500 
0 111  84.51    0.00446207 
0 112  120.55   0.00459868 
0 113  114.89   0.00503906 
0 114  133.64   0.00575385 
0 115  128.53   0.00534528 
0 116  124.54   0.00434677 
0 117  100.36   0.00466071 
0 118  71.78    0.00403438 
0 119  82.74    0.00326875 
0 120  113.67   0.00450886 
0 121  112.60   0.00333030 
0 122  159.54   0.00356977 
0 123  162.16   0.00348675 
0 124  66.41    0.00269612 
0 125  110.48   0.00292826 
0 126  38.22    0.00274948 
0 127  -49.17   0.00187431 
0 128  -570.56  0.00119971 
0 129  94.88    0.002164809
0 130  101.49   0.00243179 
0 131  169.56   0.00271860 
0 132  161.85   0.00360213 
0 133  147.45   0.00460139 
0 134  154.24   0.00483676 
0 135  9.53     0.00267500 
0 136  102.44   0.00249363 
0 137  153.90   0.00234872 
0 138  217.33   0.00308036 
0 139  220.91   0.00224384 
0 140  215.95   0.00338602 
0 141  233.02   0.00295192 
0 142  208.78   0.00362381 
0 143  199.51   0.00415405 
0 144  61.51    0.00278222 
0 145  136.13   0.00234497 
0 146  151.73   0.00225655 
0 147  153.79   0.00223913 
0 148  204.23   0.00292574 
0 149  188.74   0.00339412 
0 150  163.18   0.00372208 
0 151  163.47   0.00328295 
0 152  18.22    0.00230190 
0 153  96.56    0.00227568 
0 154  99.15    0.00216414 
0 155  124.96   0.00320543 
0 156  115.88   0.00278235 
0 157  176.03   0.00290000 
0 158  143.33   0.00336790 
0 159  114.55   0.00313750 
0 160  37.21    0.00203543 
0 161  151.76   0.00226759 
0 162  70.60    0.00226222 
0 163  144.75   0.00449531 
0 164  149.07   0.00474138 
0 165  153.21   0.00739722 
0 166  141.50   0.00382029 
0 167  145.72   0.00417031 
0 168  86.21    0.00245556 
0 169  144.65   0.00229507 
0 170  148.67   0.00267434 
0 171  104.04   0.00237667 
0 172  180.28   0.00352857 
0 173  128.55   0.00430984 
0 174  148.97   0.00472909 
0 175  143.13   0.00418254 
0 176  42.48    0.00202045 
0 177  145.94   0.00195357 
0 178  132.02   0.00210138 
0 179  128.52   0.00184038 
0 180  139.35   0.00271485 
0 181  159.08   0.00354133 
0 182  124.62   0.00298636 
0 183  133.51   0.00345455 
0 184  45.82    0.00176878 
0 185  105.91   0.00164559 
0 186  82.62    0.00201677 
0 187  48.51    0.00181235 
0 188  95.67    0.00250088 
0 189  118.72   0.00238435 
0 190  148.01   0.00279897 
0 191  101.59   0.00269216 
0 192  -295.37  0.00201502 
0 193  54.21    0.00505375 
0 194  141.12   0.00723208 
0 195  156.97   0.00718039 
0 196  120.82   0.00599322 
0 197  146.14   0.00640741 
0 198  150.31   0.00624545 
0 199  97.06    0.00509412 
0 200  158.82   0.00434574 
0 201  174.15   0.00764800 
0 202  158.69   0.00590656 
0 203  164.08   0.00526615 
0 204  166.32   0.00539180 
0 205  149.91   0.00562807 
0 206  144.98   0.00636400 
0 207  124.84   0.00606038 
0 208  154.35   0.00478049 
0 209  127.43   0.00579048 
0 210  116.68   0.00438205 
0 211  146.08   0.00529344 
0 212  131.55   0.00571852 
0 213  146.81   0.00461846 
0 214  105.48   0.00495833 
0 215  103.38   0.00509661 
0 216  112.05   0.00408172 
0 217  153.18   0.00549531 
0 218  136.32   0.00537541 
0 219  119.51   0.00531379 
0 220  107.16   0.00431912 
0 221  109.34   0.00434394 
0 222  115.36   0.00437692 
0 223  75.79    0.00377763 
0 224  102.09   0.00379490 
0 225  153.53   0.00660769 
0 226  123.99   0.00638200 
0 227  131.92   0.00664667 
0 228  123.16   0.00584082 
0 229  134.61   0.00545490 
0 230  135.08   0.00550400 
0 231  119.12   0.00456885 
0 232  116.97   0.00519859 
0 233  152.13   0.00549194 
0 234  153.37   0.00607500 
0 235  130.93   0.00547593 
0 236  116.19   0.00590833 
0 237  119.07   0.00508704 
0 238  136.36   0.00566042 
0 239  94.75    0.00398841 
0 240  132.34   0.00452805 
0 241  132.90   0.00504118 
0 242  147.39   0.00424400 
0 243  128.70   0.00432319 
0 244  113.54   0.00408143 
0 245  112.03   0.00486667 
0 246  103.51   0.00457500 
0 247  79.98    0.00326941 
0 248  133.42   0.00374752 
0 249  136.04   0.00449231 
0 250  118.12   0.00453472 
0 251  117.47   0.00414730 
0 252  126.77   0.00504138 
0 253  122.98   0.00510000 
0 254  99.01    0.00399155 
0 255  101.43   0.00304255 
       