0   0   8  -1  -1   1  -1   9  -1  -1
0   1   9  -1   0   2   8  10  -1  -1
0   2  10  -1   1   3   9  11  -1  -1
0   3  11  -1   2   4  10  12  -1  -1
0   4  12  -1   3   5  11  13  -1  -1
0   5  13  -1   4   6  12  14  -1  -1
0   6  14  -1   5   7  13  15  -1  -1
0   7  15  -1   6  -1  14  -1  -1  -1
0   8  16   0  -1   9  -1  17  -1   1
0   9  17   1   8  10  16  18   0   2
0  10  18   2   9  11  17  19   1   3
0  11  19   3  10  12  18  20   2   4
0  12  20   4  11  13  19  21   3   5
0  13  21   5  12  14  20  22   4   6
0  14  22   6  13  15  21  23   5   7
0  15  23   7  14  -1  22  -1   6  -1
0  16  24   8  -1  17  -1  25  -1   9
0  17  25   9  16  18  24  26   8  10
0  18  26  10  17  19  25  27   9  11
0  19  27  11  18  20  26  28  10  12
0  20  28  12  19  21  27  29  11  13
0  21  29  13  20  22  28  30  12  14
0  22  30  14  21  23  29  31  13  15
0  23  31  15  22  -1  30  -1  14  -1
0  24  32  16  -1  25  -1  33  -1  17
0  25  33  17  24  26  32  34  16  18
0  26  34  18  25  27  33  35  17  19
0  27  35  19  26  28  34  36  18  20
0  28  36  20  27  29  35  37  19  21
0  29  37  21  28  30  36  38  20  22
0  30  38  22  29  31  37  39  21  23
0  31  39  23  30  -1  38  -1  22  -1
0  32  40  24  -1  33  -1  41  -1  25
0  33  41  25  32  34  40  42  24  26
0  34  42  26  33  35  41  43  25  27
0  35  43  27  34  36  42  44  26  28
0  36  44  28  35  37  43  45  27  29
0  37  45  29  36  38  44  46  28  30
0  38  46  30  37  39  45  47  29  31
0  39  47  31  38  -1  46  -1  30  -1
0  40  48  32  -1  41  -1  49  -1  33
0  41  49  33  40  42  48  50  32  34
0  42  50  34  41  43  49  51  33  35
0  43  51  35  42  44  50  52  34  36
0  44  52  36  43  45  51  53  35  37
0  45  53  37  44  46  52  54  36  38
0  46  54  38  45  47  53  55  37  39
0  47  55  39  46  -1  54  -1  38  -1
0  48  56  40  -1  49  -1  57  -1  41
0  49  57  41  48  50  56  58  40  42
0  50  58  42  49  51  57  59  41  43
0  51  59  43  50  52  58  60  42  44
0  52  60  44  51  53  59  61  43  45
0  53  61  45  52  54  60  62  44  46
0  54  62  46  53  55  61  63  45  47
0  55  63  47  54  -1  62  -1  46  -1
0  56  -1  48  -1  57  -1  -1  -1  49
0  57  -1  49  56  58  -1  -1  48  50
0  58  -1  50  57  59  -1  -1  49  51
0  59  -1  51  58  60  -1  -1  50  52
0  60  -1  52  59  61  -1  -1  51  53
0  61  -1  53  60  62  -1  -1  52  54
0  62  -1  54  61  63  -1  -1  53  55
0  63  -1  55  62  -1  -1  -1  54  -1
0  64  72  -1  -1  65  -1  73  -1  -1
0  65  73  -1  64  66  72  74  -1  -1
0  66  74  -1  65  67  73  75  -1  -1
0  67  75  -1  66  68  74  76  -1  -1
0  68  76  -1  67  69  75  77  -1  -1
0  69  77  -1  68  70  76  78  -1  -1
0  70  78  -1  69  71  77  79  -1  -1
0  71  79  -1  70  -1  78  -1  -1  -1
0  72  80  64  -1  73  -1  81  -1  65
0  73  81  65  72  74  80  82  64  66
0  74  82  66  73  75  81  83  65  67
0  75  83  67  74  76  82  84  66  68
0  76  84  68  75  77  83  85  67  69
0  77  85  69  76  78  84  86  68  70
0  78  86  70  77  79  85  87  69  71
0  79  87  71  78  -1  86  -1  70  -1
0  80  88  72  -1  81  -1  89  -1  73
0  81  89  73  80  82  88  90  72  74
0  82  90  74  81  83  89  91  73  75
0  83  91  75  82  84  90  92  74  76
0  84  92  76  83  85  91  93  75  77
0  85  93  77  84  86  92  94  76  78
0  86  94  78  85  87  93  95  77  79
0  87  95  79  86  -1  94  -1  78  -1
0  88  96  80  -1  89  -1  97  -1  81
0  89  97  81  88  90  96  98  80  82
0  90  98  82  89  91  97  99  81  83
0  91  99  83  90  92  98 100  82  84
0  92 100  84  91  93  99 101  83  85
0  93 101  85  92  94 100 102  84  86
0  94 102  86  93  95 101 103  85  87
0  95 103  87  94  -1 102  -1  86  -1
0  96 104  88  -1  97  -1 105  -1  89
0  97 105  89  96  98 104 106  88  90
0  98 106  90  97  99 105 107  89  91
0  99 107  91  98 100 106 108  90  92
0 100 108  92  99 101 107 109  91  93
0 101 109  93 100 102 108 110  92  94
0 102 110  94 101 103 109 111  93  95
0 103 111  95 102  -1 110  -1  94  -1
0 104 112  96  -1 105  -1 113  -1  97
0 105 113  97 104 106 112 114  96  98
0 106 114  98 105 107 113 115  97  99
0 107 115  99 106 108 114 116  98 100
0 108 116 100 107 109 115 117  99 101
0 109 117 101 108 110 116 118 100 102
0 110 118 102 109 111 117 119 101 103
0 111 119 103 110  -1 118  -1 102  -1
0 112 120 104  -1 113  -1 121  -1 105
0 113 121 105 112 114 120 122 104 106
0 114 122 106 113 115 121 123 105 107
0 115 123 107 114 116 122 124 106 108
0 116 124 108 115 117 123 125 107 109
0 117 125 109 116 118 124 126 108 110
0 118 126 110 117 119 125 127 109 111
0 119 127 111 118  -1 126  -1 110  -1
0 120  -1 112  -1 121  -1  -1  -1 113
0 121  -1 113 120 122  -1  -1 112 114
0 122  -1 114 121 123  -1  -1 113 115
0 123  -1 115 122 124  -1  -1 114 116
0 124  -1 116 123 125  -1  -1 115 117
0 125  -1 117 124 126  -1  -1 116 118
0 126  -1 118 125 127  -1  -1 117 119
0 127  -1 119 126  -1  -1  -1 118  -1
0 128 136  -1  -1 129  -1 137  -1  -1
0 129 137  -1 128 130 136 138  -1  -1
0 130 138  -1 129 131 137 139  -1  -1
0 131 139  -1 130 132 138 140  -1  -1
0 132 140  -1 131 133 139 141  -1  -1
0 133 141  -1 132 134 140 142  -1  -1
0 134 142  -1 133 135 141 143  -1  -1
0 135 143  -1 134  -1 142  -1  -1  -1
0 136 144 128  -1 137  -1 145  -1 129
0 137 145 129 136 138 144 146 128 130
0 138 146 130 137 139 145 147 129 131
0 139 147 131 138 140 146 148 130 132
0 140 148 132 139 141 147 149 131 133
0 141 149 133 140 142 148 150 132 134
0 142 150 134 141 143 149 151 133 135
0 143 151 135 142  -1 150  -1 134  -1
0 144 152 136  -1 145  -1 153  -1 137
0 145 153 137 144 146 152 154 136 138
0 146 154 138 145 147 153 155 137 139
0 147 155 139 146 148 154 156 138 140
0 148 156 140 147 149 155 157 139 141
0 149 157 141 148 150 156 158 140 142
0 150 158 142 149 151 157 159 141 143
0 151 159 143 150  -1 158  -1 142  -1
0 152 160 144  -1 153  -1 161  -1 145
0 153 161 145 152 154 160 162 144 146
0 154 162 146 153 155 161 163 145 147
0 155 163 147 154 156 162 164 146 148
0 156 164 148 155 157 163 165 147 149
0 157 165 149 156 158 164 166 148 150
0 158 166 150 157 159 165 167 149 151
0 159 167 151 158  -1 166  -1 150  -1
0 160 168 152  -1 161  -1 169  -1 153
0 161 169 153 160 162 168 170 152 154
0 162 170 154 161 163 169 171 153 155
0 163 171 155 162 164 170 172 154 156
0 164 172 156 163 165 171 173 155 157
0 165 173 157 164 166 172 174 156 158
0 166 174 158 165 167 173 175 157 159
0 167 175 159 166  -1 174  -1 158  -1
0 168 176 160  -1 169  -1 177  -1 161
0 169 177 161 168 170 176 178 160 162
0 170 178 162 169 171 177 179 161 163
0 171 179 163 170 172 178 180 162 164
0 172 180 164 171 173 179 181 163 165
0 173 181 165 172 174 180 182 164 166
0 174 182 166 173 175 181 183 165 167
0 175 183 167 174  -1 182  -1 166  -1
0 176 184 168  -1 177  -1 185  -1 169
0 177 185 169 176 178 184 186 168 170
0 178 186 170 177 179 185 187 169 171
0 179 187 171 178 180 186 188 170 172
0 180 188 172 179 181 187 189 171 173
0 181 189 173 180 182 188 190 172 174
0 182 190 174 181 183 189 191 173 175
0 183 191 175 182  -1 190  -1 174  -1
0 184  -1 176  -1 185  -1  -1  -1 177
0 185  -1 177 184 186  -1  -1 176 178
0 186  -1 178 185 187  -1  -1 177 179
0 187  -1 179 186 188  -1  -1 178 180
0 188  -1 180 187 189  -1  -1 179 181
0 189  -1 181 188 190  -1  -1 180 182
0 190  -1 182 189 191  -1  -1 181 183
0 191  -1 183 190  -1  -1  -1 182  -1
0 192 200  -1  -1 193  -1 201  -1  -1
0 193 201  -1 192 194 200 202  -1  -1
0 194 202  -1 193 195 201 203  -1  -1
0 195 203  -1 194 196 202 204  -1  -1
0 196 204  -1 195 197 203 205  -1  -1
0 197 205  -1 196 198 204 206  -1  -1
0 198 206  -1 197 199 205 207  -1  -1
0 199 207  -1 198  -1 206  -1  -1  -1
0 200 208 192  -1 201  -1 209  -1 193
0 201 209 193 200 202 208 210 192 194
0 202 210 194 201 203 209 211 193 195
0 203 211 195 202 204 210 212 194 196
0 204 212 196 203 205 211 213 195 197
0 205 213 197 204 206 212 214 196 198
0 206 214 198 205 207 213 215 197 199
0 207 215 199 206  -1 214  -1 198  -1
0 208 216 200  -1 209  -1 217  -1 201
0 209 217 201 208 210 216 218 200 202
0 210 218 202 209 211 217 219 201 203
0 211 219 203 210 212 218 220 202 204
0 212 220 204 211 213 219 221 203 205
0 213 221 205 212 214 220 222 204 206
0 214 222 206 213 215 221 223 205 207
0 215 223 207 214  -1 222  -1 206  -1
0 216 224 208  -1 217  -1 225  -1 209
0 217 225 209 216 218 224 226 208 210
0 218 226 210 217 219 225 227 209 211
0 219 227 211 218 220 226 228 210 212
0 220 228 212 219 221 227 229 211 213
0 221 229 213 220 222 228 230 212 214
0 222 230 214 221 223 229 231 213 215
0 223 231 215 222  -1 230  -1 214  -1
0 224 232 216  -1 225  -1 233  -1 217
0 225 233 217 224 226 232 234 216 218
0 226 234 218 225 227 233 235 217 219
0 227 235 219 226 228 234 236 218 220
0 228 236 220 227 229 235 237 219 221
0 229 237 221 228 230 236 238 220 222
0 230 238 222 229 231 237 239 221 223
0 231 239 223 230  -1 238  -1 222  -1
0 232 240 224  -1 233  -1 241  -1 225
0 233 241 225 232 234 240 242 224 226
0 234 242 226 233 235 241 243 225 227
0 235 243 227 234 236 242 244 226 228
0 236 244 228 235 237 243 245 227 229
0 237 245 229 236 238 244 246 228 230
0 238 246 230 237 239 245 247 229 231
0 239 247 231 238  -1 246  -1 230  -1
0 240 248 232  -1 241  -1 249  -1 233
0 241 249 233 240 242 248 250 232 234
0 242 250 234 241 243 249 251 233 235
0 243 251 235 242 244 250 252 234 236
0 244 252 236 243 245 251 253 235 237
0 245 253 237 244 246 252 254 236 238
0 246 254 238 245 247 253 255 237 239
0 247 255 239 246  -1 254  -1 238  -1
0 248  -1 240  -1 249  -1  -1  -1 241
0 249  -1 241 248 250  -1  -1 240 242
0 250  -1 242 249 251  -1  -1 241 243
0 251  -1 243 250 252  -1  -1 242 244
0 252  -1 244 251 253  -1  -1 243 245
0 253  -1 245 252 254  -1  -1 244 246
0 254  -1 246 253 255  -1  -1 245 247
0 255  -1 247 254  -1  -1  -1 246  -1
