0   0  -901.45  0.00173640 
0   1  -49.44   0.00246935
0   2  46.90    0.00233487
0   3  -76.03   0.00223054
0   4  -144.75  0.00214943
0   5  -103.25  0.00233621
0   6  -113.94  0.00249623
0   7  -136.38  0.00266250
0   8  -7.15    0.00255583
0   9  -124.82  0.00268081
0  10  -46.32   0.00259464
0  11  -9.70    0.00273873
0  12  -117.42  0.00290294
0  13  -147.35  0.00299391
0  14  -83.80   0.00329241
0  15  -88.29   0.00282584
0  16  -120.58  0.00275068
0  17  -77.62   0.00288676
0  18  -33.69   0.00279962
0  19  -22.33   0.00308351
0  20  -131.93  0.00315113
0  21  -121.72  0.00331823
0  22  168.46   0.00360591
0  23  -96.71   0.00265971
0  24  -84.18   0.00308878
0  25  -61.58   0.00336712
0  26  -16.43   0.00339839
0  27  -45.96   0.00342541
0  28  -106.84  0.00355286
0  29  -152.28  0.00319868
0  30  -123.63  0.00304817
0  31  -136.45  0.00234702
0  32  -91.06   0.00290655
0  33  -126.89  0.00306694
0  34  -129.30  0.00294805
0  35  -122.58  0.00337169
0  36  -93.12   0.00348565
0  37  -145.11  0.00333410
0  38  35.92    0.00309275
0  39  -261.45  0.00217929
0  40  -83.64   0.00245959
0  41  -90.46   0.00280038
0  42  -212.05  0.00280400
0  43  -157.23  0.00313612
0  44  -165.03  0.00311004
0  45  -197.26  0.00272045
0  46  -223.32  0.00246848
0  47  -274.44  0.00188499
0  48  -128.11  0.00242524
0  49  -113.01  0.00284336
0  50  -230.28  0.00224259
0  51  -210.83  0.00243475
0  52  -233.13  0.00262286
0  53  -247.58  0.00241313
0  54  -279.16  0.00214180
0  55  -322.96  0.00173892
0  56  -234.38  0.00209267
0  57  -246.30  0.00218741
0  58  -138.78  0.00205989
0  59  -345.53  0.00200546
0  60  -281.56  0.00228460
0  61  -323.59  0.00216977
0  62  -331.29  0.00200897
0  63  -396.68  0.00171816
0  64  -1431.90 0.00153878
0  65  -556.34  0.00153797
0  66  -194.19  0.00271536
0  67  -191.62  0.00276004
0  68  -173.76  0.00271415
0  69  -117.12  0.00320782
0  70  -257.61  0.00190505
0  71  -316.38  0.00177551
0  72  -84.42   0.00345972
0  73  -303.63  0.00200276
0  74  -200.29  0.00301149
0  75  -147.44  0.00288721
0  76  -130.83  0.00325399
0  77  -89.12   0.00327701
0  78  -163.10  0.00225039
0  79  -270.70  0.00187196
0  80  -171.82  0.00326629
0  81  -237.03  0.00254497
0  82  -189.90  0.00250044
0  83  -211.07  0.00259273
0  84  -177.60  0.00255986
0  85  -195.93  0.00253167
0  86  -144.97  0.00299262
0  87  -221.17  0.00226496
0  88  -287.43  0.00239504
0  89  -182.03  0.00318494
0  90  -210.26  0.00301690
0  91  -101.33  0.00364487
0  92  -95.51   0.00351925
0  93  -120.45  0.00309639
0  94  -92.91   0.00344390
0  95  -186.16  0.00253998
0  96  -263.81  0.00263057
0  97  -170.59  0.00389145
0  98  -97.59   0.00374507
0  99  -66.64   0.00402411
0 100  -120.83  0.00410756
0 101  -114.67  0.00379784
0 102  -112.36  0.00394951
0 103  -212.85  0.00285324
0 104  -261.65  0.00296612
0 105  -137.86  0.00430480
0 106  -91.89   0.00375594
0 107  20.30    0.00385714
0 108  -103.92  0.00412117
0 109  -118.42  0.00388950
0 110  -78.50   0.00413216
0 111  -123.79  0.00399008
0 112  -214.97  0.00317344
0 113  -175.49  0.00381383
0 114  -167.92  0.00387228
0 115  -115.60  0.00384803
0 116  -172.63  0.00359415
0 117  -141.60  0.00397042
0 118  -147.76  0.00381572
0 119  -290.62  0.00291116
0 120  -175.12  0.00295510
0 121  -219.31  0.00254650
0 122  -325.54  0.00228846
0 123  -343.84  0.00223428
0 124  -284.87  0.00224584
0 125  -256.62  0.00258700
0 126  -445.51  0.00228133
0 127  -511.91  0.00184104
0 128  -239.31  0.00256806
0 129  -39.96   0.00262096
0 130  -156.01  0.00243009
0 131  -209.78  0.00241080
0 132  -145.66  0.00272829
0 133  -112.83  0.00344828
0 134  -151.22  0.00316009
0 135  554.05   0.00485110
0 136  -403.24  0.00219549
0 137  -176.41  0.00220932
0 138  -53.74   0.00264727
0 139  -203.95  0.00219640
0 140  -162.62  0.00246102
0 141  -190.58  0.00242593
0 142  -173.71  0.00258303
0 143  -178.48  0.00249299
0 144  -410.38  0.00226537
0 145  -133.15  0.00249038
0 146  -124.77  0.00267727
0 147  -131.01  0.00269593
0 148  -143.74  0.00265869
0 149  -142.97  0.00281631
0 150  -108.64  0.00303949
0 151  -230.20  0.00266918
0 152  -425.20  0.00237690
0 153  -128.68  0.00256390
0 154  -133.34  0.00282579
0 155  -107.31  0.00362921
0 156  -110.40  0.00295791
0 157  -86.40   0.00304260
0 158  -93.68   0.00310055
0 159  -159.58  0.00268667
0 160  -535.29  0.00220655
0 161  -142.35  0.00249201
0 162  -90.59   0.00293200
0 163  6.80     0.00447840
0 164  -93.28   0.00406365
0 165  -437.22  0.00363057
0 166  -138.19  0.00322323
0 167  -197.96  0.00296105
0 168  -635.50  0.00204392
0 169  -183.75  0.00227769
0 170  -162.52  0.00254120
0 171  -172.95  0.00274787
0 172  -115.45  0.00291574
0 173  -173.94  0.00314349
0 174  -121.80  0.00329872
0 175  -230.53  0.00278494
0 176  -697.63  0.00200931
0 177  -243.57  0.00228351
0 178  -237.98  0.00246218
0 179  -267.74  0.00239439
0 180  -231.62  0.00240301
0 181  -128.73  0.00292806
0 182  -185.29  0.00290647
0 183  -249.24  0.00284040
0 184  -749.70  0.00181320
0 185  -252.85  0.00196556
0 186  -223.58  0.00208968
0 187  -304.41  0.00213050
0 188  -394.49  0.00192900
0 189  -372.54  0.00206061
0 190  -283.54  0.00239241
0 191  -364.05  0.00238579
0 192  -1296.82 0.00182306
0 193  -159.25  0.00384293
0 194  17.09    0.00414773
0 195  70.40    0.00441337
0 196  17.16    0.00390162
0 197  -35.84   0.00405758
0 198  -26.29   0.00389084
0 199  -208.12  0.00314022
0 200  -87.43   0.00300204
0 201  -212.67  0.00355542
0 202  -29.27   0.00374323
0 203  -59.31   0.00346339
0 204  -73.34   0.00354815
0 205  -38.99   0.00376873
0 206  7.34     0.00414616
0 207  -59.01   0.00401119
0 208  -131.93  0.00285840
0 209  -145.40  0.00345833
0 210  -10.54   0.00379474
0 211  -51.99   0.00407528
0 212  -59.83   0.00382463
0 213  -38.71   0.00367742
0 214  0.24     0.00378723
0 215  -100.80  0.00366924
0 216  -151.01  0.00286824
0 217  -40.01   0.00396301
0 218  1.91     0.00407518
0 219  -28.48   0.00415866
0 220  -7.05    0.00408764
0 221  -21.74   0.00383784
0 222  -38.26   0.00394715
0 223  -81.69   0.00374802
0 224  -162.52  0.00284360
0 225  -128.26  0.00370603
0 226  -61.15   0.00431627
0 227  -72.93   0.00441022
0 228  -44.43   0.00427711
0 229  -75.62   0.00417084
0 230  -59.91   0.00416937
0 231  -128.70  0.00363205
0 232  -225.69  0.00272285
0 233  -144.95  0.00343743
0 234  -81.34   0.00373890
0 235  -74.01   0.00393776
0 236  -82.45   0.00391851
0 237  -62.69   0.00392510
0 238  -43.89   0.00436420
0 239  -175.16  0.00334120
0 240  -161.64  0.00274434
0 241  -157.09  0.00334687
0 242  -139.96  0.00336268
0 243  -126.72  0.00353036
0 244  -116.32  0.00346764
0 245  -80.78   0.00405293
0 246  -61.20   0.00438080
0 247  -106.35  0.00350062
0 248  -309.86  0.00233200
0 249  -209.55  0.00297328
0 250  -181.09  0.00317699
0 251  -144.01  0.00347868
0 252  -82.20   0.00384980
0 253  -78.10   0.00397619
0 254  -88.92   0.00394576
0 255  -235.92  0.00277344
