0   0  -370.76  0.003776  
0   1  -23.72   0.004762
0   2  48.85    0.003552
0   3  -127.27  0.003377
0   4  -96.27   0.003671
0   5  -109.44  0.003938
0   6  -185.94  0.003588
0   7  -56.93   0.003779
0   8  -38.04   0.004711
0   9  -137.71  0.004492
0  10  -125.62  0.004003
0  11  -95.15   0.004457
0  12  -143.17  0.004894
0  13  -114.79  0.004800
0  14  -136.34  0.004781
0  15  -159.44  0.004124
0  16  -83.53   0.005778
0  17  -10.16   0.006386
0  18  -67.27   0.004679
0  19  -43.98   0.005332
0  20  -32.17   0.005676
0  21  -37.50   0.006104
0  22  428.19   0.007375
0  23  -114.99  0.004146
0  24  -89.58   0.006293
0  25  -54.41   0.007069
0  26  -16.96   0.005481
0  27  -51.87   0.005473
0  28  -21.95   0.006556
0  29  -47.25   0.005625
0  30  -29.42   0.004733
0  31  -93.60   0.003786
0  32  -81.58   0.004634
0  33  -109.75  0.005099
0  34  -101.99  0.004951
0  35  -84.77   0.005279
0  36  -153.86  0.005366
0  37  -115.61  0.005280
0  38  72.82    0.005422
0  39  -184.05  0.003649
0  40  -120.95  0.003780
0  41  -110.11  0.004298
0  42  -164.73  0.004359
0  43  -19.91   0.005142
0  44  -129.18  0.004591
0  45  -187.30  0.004137
0  46  -49.32   0.003938
0  47  -167.23  0.003109
0  48  -157.52  0.003918
0  49  -195.95  0.004786
0  50  -202.24  0.003969
0  51  -200.74  0.004114
0  52  -157.21  0.004279
0  53  -245.99  0.003820
0  54  -122.61  0.003766
0  55  -298.14  0.002985
0  56  -213.32  0.002890
0  57  -225.82  0.003342
0  58  -105.85  0.003219
0  59  -249.50  0.003166
0  60  -163.75  0.003247
0  61  -258.79  0.003342
0  62  -223.59  0.003224
0  63  -304.64  0.002698
0  64  -1201.20 0.002012
0  65  -556.66  0.002075
0  66  -260.06  0.003791
0  67  -206.38  0.003814
0  68  -148.48  0.004146
0  69  -157.52  0.004883
0  70  -167.21  0.002603
0  71  -409.07  0.002431
0  72  -77.32   0.004834
0  73  -304.52  0.002860
0  74  -152.52  0.004413
0  75  -210.37  0.004235
0  76  -102.36  0.004901
0  77  -156.66  0.005118
0  78  -148.50  0.003212
0  79  -241.63  0.002685
0  80  -182.93  0.004644
0  81  -266.62  0.003729
0  82  -209.56  0.003850
0  83  -211.82  0.003864
0  84  -211.21  0.004182
0  85  -198.14  0.004293
0  86  -1.31    0.004510
0  87  -270.71  0.003415
0  88  -310.41  0.003578
0  89  -125.98  0.004762
0  90  -165.67  0.004528
0  91  -139.88  0.005553
0  92  -129.43  0.005712
0  93  -129.33  0.005294
0  94  -85.31   0.005182
0  95  -210.62  0.003820
0  96  -242.37  0.003697
0  97  -171.96  0.005690
0  98  -193.78  0.005534
0  99  -145.32  0.006101
0 100  -49.87   0.007030
0 101  -120.81  0.006221
0 102  -93.76   0.006657
0 103  -235.67  0.004954
0 104  -285.05  0.004145
0 105  -175.91  0.006457
0 106  -77.62   0.005626
0 107  -153.43  0.005894
0 108  -121.23  0.006246
0 109  -46.11   0.006122
0 110  -153.14  0.006668
0 111  -117.52  0.006660
0 112  -191.01  0.004818
0 113  -84.41   0.005853
0 114  -103.70  0.005913
0 115  -88.88   0.005811
0 116  -81.85   0.006011
0 117  -179.40  0.006680
0 118  -111.42  0.006519
0 119  -196.30  0.005287
0 120  -212.14  0.004259
0 121  -241.20  0.003576
0 122  -355.76  0.003416
0 123  -395.06  0.003293
0 124  -290.92  0.003308
0 125  -224.09  0.003984
0 126  -358.04  0.003758
0 127  -479.09  0.003003
0 128  -187.44  0.004210
0 129  -148.97  0.004066
0 130  -176.54  0.003825
0 131  -226.15  0.003758
0 132  -144.44  0.004660
0 133  16.21    0.005800
0 134  -120.43  0.005119
0 135  171.00   0.006385
0 136  -336.86  0.003591
0 137  -224.24  0.003894
0 138  -162.10  0.004012
0 139  -214.74  0.003451
0 140  -231.76  0.004137
0 141  -169.37  0.004360
0 142  -277.45  0.004020
0 143  -191.23  0.003976
0 144  -313.07  0.003798
0 145  -136.57  0.004357
0 146  -173.12  0.004389
0 147  -197.31  0.004386
0 148  -180.50  0.004991
0 149  -194.85  0.005251
0 150  -95.56   0.005178
0 151  -248.03  0.004460
0 152  -337.44  0.004234
0 153  -174.65  0.004547
0 154  -183.50  0.004595
0 155  -113.77  0.005897
0 156  -32.12   0.005315
0 157  -149.93  0.005442
0 158  -117.40  0.005112
0 159  -245.39  0.004429
0 160  -530.83  0.003193
0 161  -192.52  0.003685
0 162  -64.00   0.005245
0 163  -87.39   0.008039
0 164  -159.86  0.006384
0 165  -91.42   0.005840
0 166  -188.02  0.004846
0 167  -151.80  0.004574
0 168  -461.72  0.003166
0 169  -258.77  0.003512
0 170  -136.03  0.004168
0 171  -174.67  0.004573
0 172  -222.65  0.004573
0 173  -160.07  0.005104
0 174  -150.41  0.005030
0 175  -241.29  0.004182
0 176  -536.52  0.003258
0 177  -235.40  0.003567
0 178  -253.59  0.004522
0 179  -182.99  0.004274
0 180  -224.19  0.003879
0 181  -127.03  0.004733
0 182  -173.08  0.004440
0 183  -254.43  0.004602
0 184  -671.52  0.002831
0 185  -328.28  0.002921
0 186  -222.18  0.003386
0 187  -264.00  0.003407
0 188  -415.26  0.002957
0 189  -425.74  0.003149
0 190  -285.26  0.003630
0 191  -363.35  0.003561
0 192  -682.82  0.003353
0 193  -114.24  0.006181
0 194  -31.07   0.007487
0 195  -34.17   0.007563
0 196  -51.87   0.006419
0 197  -9.31    0.006308
0 198  -85.28   0.007146
0 199  -149.15  0.006019
0 200  -82.99   0.004981
0 201  -108.96  0.005885
0 202  -101.05  0.006638
0 203  -115.68  0.006258
0 204  -163.95  0.005748
0 205  -161.59  0.005841
0 206  -83.04   0.007640
0 207  -129.38  0.006861
0 208  -168.12  0.004936
0 209  -72.65   0.006040
0 210  -50.21   0.006630
0 211  -68.16   0.007338
0 212  -120.15  0.006985
0 213  -92.88   0.006567
0 214  -41.86   0.007284
0 215  -71.61   0.006708
0 216  -176.07  0.004919
0 217  -62.89   0.006988
0 218  -117.53  0.007183
0 219  -61.12   0.007382
0 220  -45.89   0.006922
0 221  -87.81   0.006944
0 222  -59.47   0.007296
0 223  -120.91  0.007085
0 224  -152.33  0.004973
0 225  -46.29   0.006387
0 226  -101.32  0.006808
0 227  -97.49   0.006966
0 228  -90.64   0.007282
0 229  -75.90   0.007243
0 230  -114.30  0.006838
0 231  -153.87  0.006145
0 232  -158.06  0.004706
0 233  -114.52  0.006008
0 234  -135.33  0.006004
0 235  -83.86   0.006083
0 236  -132.91  0.006492
0 237  -85.22   0.006628
0 238  -71.86   0.007000
0 239  -214.28  0.005330
0 240  -162.73  0.004777
0 241  -145.09  0.005702
0 242  -111.43  0.006096
0 243  -110.91  0.006374
0 244  -71.32   0.006353
0 245  -107.48  0.007495
0 246  -117.45  0.007487
0 247  -165.01  0.006064
0 248  -289.93  0.003695
0 249  -110.60  0.005067
0 250  -206.81  0.005003
0 251  -186.66  0.005430
0 252  -127.79  0.006212
0 253  -104.72  0.006792
0 254  -146.31  0.006181
0 255  -227.89  0.004588
