0 0    6372  7159  
0 1    6386  7181  
0 2    6227  7095  
0 3    6227  7102  
0 4    6273  7095  
0 5    6319  7148  
0 6    6273  7109  
0 7    6260  7109  
0 8    6412  7188  
0 9    6432  7195  
0 10   6273  7128  
0 11   6253  7102  
0 12   6313  7155  
0 13   6373  7188  
0 14   6280  7109  
0 15   6286  7115  
0 16   6419  7175  
0 17   6432  7188  
0 18   6260  7109  
0 19   6260  7089  
0 20   6339  7155  
0 21   6319  7135  
0 22   6286  7102  
0 23   6293  7109  
0 24   6359  7128  
0 25   6426  7181  
0 26   6247  7109  
0 27   6273  7102  
0 28   6333  7142  
0 29   6346  7142  
0 30   6273  7089  
0 31   6273  7089  
0 32   6200  7055  
0 33   6220  7095  
0 34   6227  7082  
0 35   6233  7095  
0 36   6187  7055  
0 37   6193  7082  
0 38   6286  7122  
0 39   6280  7135  
0 40   6227  7075  
0 41   6266  7115  
0 42   6233  7082  
0 43   6220  7062  
0 44   6193  7055  
0 45   6180  7036  
0 46   6266  7109  
0 47   6286  7122  
0 48   6240  7069  
0 49   6253  7082  
0 50   6253  7089  
0 51   6233  7062  
0 52   6220  7055  
0 53   6240  7069  
0 54   6313  7115  
0 55   6353  7168  
0 56   6240  7082  
0 57   6300  7122  
0 58   6213  7062  
0 59   6253  7082  
0 60   6187  7022  
0 61   6220  7049  
0 62   6293  7102  
0 63   6326  7142  
0 64   6167  7029  
0 65   6167  7049  
0 66   6174  7042  
0 67   6193  7069  
0 68   6280  6273  
0 69   6279  7162  
0 70   6200  7102  
0 71   6193  7089  
0 72   6240  7095  
0 73   6187  7042  
0 74   6187  7042  
0 75   6227  7075  
0 76   6300  7142  
0 77   6300  7148  
0 78   6193  7075  
0 79   6233  7261  
0 80   6233  7075  
0 81   6233  7082  
0 82   6200  7036  
0 83   6180  7022  
0 84   6319  7155  
0 85   6280  7115  
0 86   6240  7095  
0 87   6247  7122  
0 88   6180  7029  
0 89   6193  7036  
0 90   6200  7049  
0 91   6220  7055  
0 92   6300  7135  
0 93   6306  7142  
0 94   6266  7115  
0 95   6253  7135  
0 96   6187  7055  
0 97   6174  7055  
0 98   6174  7062  
0 99   6220  7109  
0 100  6154  7022  
0 101  6233  7102  
0 102  6293  7155  
0 103  6306  7162  
0 104  6160  7029  
0 105  6147  7009  
0 106  6107  7009  
0 107  6147  7036  
0 108  6180  7042  
0 109  6154  7002  
0 110  6293  7148  
0 111  6280  7128  
0 112  6187  7036  
0 113  6174  7036  
0 114  6172  7049  
0 115  6147  7029  
0 116  6227  7062  
0 117  6240  7082  
0 118  6286  7122  
0 119  6333  7168  
0 120  6174  7022  
0 121  6147  6996  
0 122  6220  7075  
0 123  6174  7042  
0 124  6247  7082  
0 125  6187  7016  
0 126  6293  7135  
0 127  6300  7135  
0 128  6346  7142  
0 129  6333  7148  
0 130  6240  7095  
0 131  6233  7109  
0 132  6313  7148  
0 133  6313  7162  
0 134  6227  7082  
0 135  6220  7095  
0 136  6333  7135  
0 137  6373  7162  
0 138  6240  7201  
0 139  6240  7102  
0 140  6313  7235  
0 141  6333  7268  
0 142  6200  7062  
0 143  6180  7042  
0 144  6359  7128  
0 145  6346  7128  
0 146  6227  7062  
0 147  6220  7069  
0 148  6346  7162  
0 149  6359  7181  
0 150  6266  7109  
0 151  6240  7102  
0 152  6339  7122  
0 153  6339  7115  
0 154  6273  7089  
0 155  6253  7075  
0 156  6333  7148  
0 157  6346  7162  
0 158  6253  7095  
0 159  6207  7042  
0 160  6240  7109  
0 161  6247  7135  
0 162  6293  7122  
0 163  6273  7122  
0 164  7042  6160  
0 165  6160  7069  
0 166  6187  7069  
0 167  6154  7036  
0 168  6266  7122  
0 169  6286  7142  
0 170  6266  7095  
0 171  6306  7148  
0 172  6180  7049  
0 173  6174  7055  
0 174  6207  7075  
0 175  6193  7062  
0 176  6266  7109  
0 177  6313  7148  
0 178  6293  7109  
0 179  6319  7155  
0 180  6187  7042  
0 181  6227  7082  
0 182  6220  7055  
0 183  6207  7075  
0 184  6266  7115  
0 185  6240  7069  
0 186  6260  7049  
0 187  6286  7109  
0 188  6207  7062  
0 189  6220  7075  
0 190  6227  7069  
0 191  6227  7069  
0 192  6247  7082  
0 193  6227  7082  
0 194  6180  7022  
0 195  6273  7115  
0 196  6233  7082  
0 197  6200  7075  
0 198  6293  7115  
0 199  6313  7142  
0 200  6266  7095  
0 201  6293  7109  
0 202  6273  7095  
0 203  6266  7095  
0 204  6233  7082  
0 205  6240  7089  
0 206  6306  7128  
0 207  6326  7148  
0 208  6253  7062  
0 209  6253  7062  
0 210  6247  7049  
0 211  6266  7069  
0 212  6220  7062  
0 213  6220  7075  
0 214  6339  7148  
0 215  6346  7155  
0 216  6286  7095  
0 217  6273  7075  
0 218  6266  7062  
0 219  6286  7089  
0 220  6207  7029  
0 221  6266  7082  
0 222  6359  7148  
0 223  6379  7155  
0 224  6266  7075  
0 225  6253  7095  
0 226  6127  7009  
0 227  6140  7042  
0 228  6227  7069  
0 229  6220  7082  
0 230  6286  7128  
0 231  6273  7122  
0 232  6293  7122  
0 233  6280  7109  
0 234  6174  7029  
0 235  6147  7016  
0 236  6266  7095  
0 237  6233  7069  
0 238  6286  7128  
0 239  6293  7148  
0 240  6280  7082  
0 241  6266  7062  
0 242  6180  7022  
0 243  6233  7075  
0 244  6260  7062  
0 245  6280  7089  
0 246  6319  7142  
0 247  6300  7128  
0 248  6280  7055  
0 249  6293  7075  
0 250  6140  6996  
0 251  6180  7022  
0 252  6280  7089  
0 253  6253  7062  
0 254  6293  7122  
0 255  6313  7122  
